EDM scores
0.05106577630659531
0.05521489403293974
0.05572993960295665
0.05581293179280534
0.055846347178725414
0.056011318178779204
0.05887080893440761
0.05888297879672321
0.05895666730727427
0.05896545494942138
0.05918354642742066
0.059190187483132255
0.060171818970289254
0.06038240864061124
0.06039366381231886
0.06072634239323726
0.0607748760325443
0.06088603427835574
0.061115769256251715
0.061254285377825506
0.061487399829534384
0.06175745285645149
0.061812295050757096
0.06187624740659198
0.06211854184290855
0.062176171504331176
0.06226111997790852
0.06229830227393912
0.0623852916591713
0.062423918882911045
0.0624406730487622
0.062463860297402245
0.06259252629020438
0.06262892931429215
0.06267635254619985
0.06274037920095574
0.06274642548925378
0.0627531002125663
0.06279239923464505
0.0628073613178161
0.06286768723080471
0.06286878137486486
0.06292328107215552
0.0629713214322744
0.06300267940604372
0.06303291303125685
0.06303622397377942
0.06311535997370878
0.06321393948368403
0.06321512203126364
0.06325613100111875
0.06327753294327307
0.06336650210151216
0.06340384202217539
0.06342752879109588
0.0634303727975619
0.06346673269075603
0.06347916802903467
0.06350138890967301
0.06367656912694138
0.06371806962503886
0.06373255130415992
0.06383265069501923
0.06385723902335926
0.0638689852789909
0.06394978875876424
0.0641842170774593
0.06424147718614949
0.0642693894745507
0.06429647535445704
0.06452021410896087
0.06452713130785395
0.06455011981289818
0.0647225197914248
0.06472847958527146
0.06473370943586847
0.06486207787425505
0.06486983231838236
0.06487318594384382
0.06490226452250453
0.06504676548915451
0.065061944037423
0.06509369040905533
0.06509436818228183
0.06515498725119534
0.06519442865300375
0.06523283801265685
0.06525042554786666
0.06530227652780374
0.06543842620039016
0.0654615804205141
0.06553700245817387
0.06554711774352863
0.06559287101141544
0.06560852171235079
0.06564635960013505
0.06566890645467734
0.06574661588596263
0.06577930276004156
0.0658671607798153
0.06588636545595641
0.06591952972870133
0.06596431654883615
0.06601122388374062
0.06601447154634169
0.0660307165660438
0.06604651592969583
0.06614250995063546
0.06620142507238311
0.06626597450281392
0.06636780260325818
0.06639834212782215
0.06643354123072871
0.06650413447435098
0.066940054618995
0.06694958434192019
0.06701083006914318
0.06708511691021467
0.06708695015220535
0.06708952564198717
0.0671178796573418
0.06720261019178632
0.06720514560814857
0.06722462692726056
0.06724816893716573
0.06725927451493888
0.06728983443762393
0.06734494845403112
0.06734529250969538
0.06735638997088621
0.06736524823546297
0.0674215226210809
0.06744017517960747
0.06747882414389753
0.06748358804879348
0.06757410873061521
0.06759780957584562
0.06762282054250188
0.06762686536383061
0.06769501499062311
0.0677844502336437
0.0678154847290424
0.0678531254790516
0.06786591635336432
0.06790011374399339
0.06791153601494186
0.06796230824298832
0.06809765513094994
0.06814498727351519
0.06816650318642982
0.06819340203206888
0.06820243550814693
0.068204188467051
0.06820792395254362
0.06820807122569188
0.0682598505720607
0.06838257230532359
0.06841983187462096
0.06849186543695637
0.0684993180129878
0.06858018735117878
0.06864175177087765
0.06874629921860585
0.06877017487001659
0.06879355835647348
0.06884649241295066
0.06885179826903777
0.06888479992714151
0.06890034254193927
0.06892727622902016
0.06905842781586201
0.06909768630156533
0.06910146215766588
0.06918373813859366
0.06922738373542199
0.06926095854314954
0.06926803409764733
0.06931975930307784
0.0693628755666983
0.06940212503625383
0.06940755519610542
0.06945948959221504
0.06949899050484858
0.06950960728390705
0.06953272612379428
0.06956742511116676
0.06966011121907403
0.06967647766694708
0.06985917466933432
0.06989445916321343
0.06992344780427003
0.06993582699827885
0.07002360672740333
0.07002472871613216
0.0700462157367795
0.07008776062929228
0.07019420605043031
0.0702106937231713
0.07022494353527832
0.0702319616739267
0.07027625296098007
0.0703294340913091
0.07034070871603892
0.07036032604147278
0.07042754349859305
0.07042817497638651
0.07043246957943733
0.07046543342624785
0.07046749494455061
0.07047484874394797
0.07065103702551086
0.07069108690948615
0.07069784648350044
0.07071229518956966
0.07072260103700104
0.07072760330602357
0.07078100124441379
0.07078976396222568
0.07080162704218267
0.07093072369947107
0.07093333841906312
0.07095777900739846
0.07096429862412637
0.07099469183241931
0.07099624089466258
0.0710078689095006
0.07107435522514398
0.07110269214094925
0.07113984558276518
0.07117125700158392
0.07117969651575802
0.07121588972107495
0.07123114961485287
0.07128026718404151
0.07129168683298288
0.07132676981710957
0.07135266494168122
0.07135379237148942
0.07136710498946107
0.0713701588024419
0.07146062006330328
0.0714949051169041
0.07151568288489582
0.07153534089441195
0.07159664964710022
0.07160781368643993
0.0716343085787281
0.07163726821566029
0.0716639149723238
0.07169993327748311
0.07178311607341119
0.07186560633014234
0.0719285528754251
0.07197937352334574
0.07201383734300175
0.07203653526110924
0.07209943258477289
0.0721367887431574
0.0721438134049865
0.07215314574156988
0.07218819353881685
0.07225201249788402
0.07232353376399739
0.07236412243903426
0.07241457871405542
0.07246055094251107
0.07248848803811461
0.07249691378777726
0.07250427032632888
0.07259561914219222
0.07260282207849718
0.07262154599510914
0.07262519961106792
0.07272990707035744
0.07276174358782213
0.07283980995695169
0.07284391188513344
0.07287546713231569
0.0728903695051822
0.07289341904827765
0.07289424425112101
0.07290074394142816
0.07291785361245193
0.07296646466483603
0.07297160074111857
0.0730088211328238
0.07305019600867643
0.07307591393759827
0.07309230217290488
0.07320143929001308
0.07324474638064105
0.0732530627684059
0.07327838846406182
0.07332992760531964
0.07334677385951534
0.07335406629660957
0.07345892910499109
0.07347134768813586
0.07349887061118812
0.0735175482030534
0.07351800142039125
0.07355586997719085
0.07357132768698611
0.07358176045184114
0.07362405869929983
0.07373302654905103
0.07383262939778756
0.07383592066463524
0.07384297646432353
0.07397027376346287
0.07398797774370425
0.07402638213258549
0.07403247083477277
0.07417147786387192
0.07420632029680851
0.07420881252524529
0.0742491992580202
0.0742821039854701
0.07428329353275728
0.07431468936452404
0.07441802652638341
0.07446288527250138
0.07448957152610848
0.07450357403544963
0.07454997210959267
0.07455852283753504
0.0746080292977423
0.07466272551888123
0.0747934581931628
0.07484816852241186
0.07488128489879643
0.07488684812086564
0.07488844349053733
0.07492681081744682
0.07496725676474107
0.07496767795656303
0.0750598040591233
0.07509755901623506
0.0750997605519211
0.07511490199088477
0.07512263991419417
0.07514041210672055
0.07514043147201216
0.07515377395018816
0.07515861608266423
0.07516885253785426
0.07520500055702879
0.07527561495736845
0.07533056789318898
0.07535113559553065
0.07540914892493002
0.0754186351958391
0.07541955652063768
0.0754515884833244
0.0754604824641151
0.07546280005969673
0.07546624055611283
0.0755104003194675
0.07558516370165497
0.07559276903910798
0.07559522020488331
0.07563037948643157
0.07566531432415334
0.07567124116538876
0.07569874011733822
0.07571673648153071
0.07571998472146761
0.0757247756510588
0.07576015842316586
0.07576348591645395
0.07576461390601609
0.07583536848850506
0.07589014105467157
0.07590336190203066
0.07590468790333327
0.07594437802580419
0.07596882280886644
0.07599445387560352
0.07599780826442049
0.07600449696592895
0.07600645952446562
0.07601749857457654
0.07603985138123952
0.0760499555858471
0.0761276673731355
0.07613987373530964
0.07624050815333162
0.07633596586859971
0.07633748145772361
0.07634541385716809
0.07637447354183872
0.07640935589803088
0.07642431523442182
0.07643789604514464
0.07652575806241141
0.07653626588712605
0.07654567622817189
0.07658436305227202
0.07665762199076148
0.07669704642483256
0.0767174970219088
0.07674989903929576
0.0767547736881365
0.07678124527306651
0.07678134391445753
0.07680148032328823
0.07682957098429427
0.07687466030000704
0.07687528470152206
0.0768958690788647
0.07691224948912194
0.07694451756536724
0.07695501854949749
0.07701070099463932
0.07702804959051927
0.07704031969213089
0.07704235412185906
0.07706316805391009
0.07709964407604228
0.07710312425802583
0.07710786474679086
0.07712909526689089
0.07712949300065243
0.07713158408737678
0.07715063719509285
0.07715847828647641
0.0771608637021484
0.07718315589058891
0.07718924046653078
0.07719169942123023
0.07719632366820818
0.07719997064187724
0.07722159102802299
0.07733072979145057
0.07735287864173548
0.07736140753898446
0.07736222563353204
0.0773719689674952
0.0773854909586025
0.07740454665134337
0.0774064849504547
0.07743238046968928
0.0774355910861592
0.07747916886720904
0.07748985797823658
0.07753272064920583
0.07754098175127187
0.07759084418484322
0.07762547319136617
0.07763115867203584
0.0776721981568173
0.07767565625323579
0.07769624742454041
0.07769937878424396
0.07771915638271724
0.07776660469853933
0.07779276265473134
0.07784713913568313
0.07785523555140007
0.07785958576141383
0.07789890359030156
0.07793519105761768
0.07793636094270694
0.0779419378331449
0.07798500826567879
0.07801200539362643
0.07802835162631563
0.07803873586047358
0.07804615435179225
0.07806918786176394
0.07808067594889702
0.07809524454085277
0.07810449586213658
0.07817568677409285
0.07817673026492712
0.07817706775439384
0.07817761152351124
0.07818009919841817
0.07818566884373135
0.07819021304992839
0.07819690978229271
0.07820590817435932
0.07825943922081548
0.07826392613245066
0.07827493334708682
0.07831928664115374
0.07832022739594
0.07833503411297639
0.07835396265205194
0.07836618584334243
0.07837164076565163
0.07840757721010957
0.07841467644960082
0.07844694455496187
0.07845841050556765
0.0784610058850384
0.07846553050671841
0.07847691508986797
0.07847927885996321
0.07848609586985235
0.07849411841025063
0.07850575852750097
0.07851487230923838
0.0785153738326128
0.07852067246336907
0.07852450742550485
0.07853557822777074
0.07855033466951532
0.07855270352748697
0.07856838036430049
0.07856986995928619
0.07857894799827832
0.07858122941914643
0.0785887740510798
0.07859838740981302
0.07860189945128626
0.07860881781373687
0.07863091256241611
0.07863989521586087
0.07866491147232196
0.07867590233380987
0.0786956424026565
0.07869827471441065
0.07870316661920308
0.07871656031042229
0.07871813359761215
0.07872215709084038
0.07873924125574952
0.07873959398325035
0.07874682888260122
0.07875097282607142
0.07875621800676925
0.07875625845798984
0.0787918223855938
0.07880252939538752
0.07881206069193568
0.07881748336483903
0.07881764411042178
0.0788196521979596
0.07882514938854002
0.07882952264145335
0.07884354506250674
0.07885252819807863
0.07885738666511372
0.07887937598383354
0.07889069102369131
0.07889360069962907
0.07891191944393293
0.07892849600579754
0.07893917281096025
0.0789463485115355
0.07895119521267985
0.07895135979959216
0.07895278506463099
0.0789613655105177
0.0789712521378471
0.07897525573019998
0.07898166150712664
0.07900139262682303
0.07900452395616346
0.07901121746716246
0.07901609604013238
0.07901690338025534
0.0790331555170428
0.07908580453548186
0.0790908811324875
0.07911754251342139
0.07914211697173477
0.0791559620989206
0.07916375108229956
0.07916441758241326
0.07916736601218383
0.07919272038811258
0.0792135212338143
0.07921986557290353
0.07922684807724477
0.07922916484795499
0.07922977464300358
0.07923379602465544
0.07923976657500954
0.07924303606936686
0.07925245474786814
0.07927231480653583
0.0792767777027743
0.07929946408260449
0.07930579224568213
0.07931369105184316
0.07931962445890779
0.07932232578301847
0.0793287216301539
0.07934052724609089
0.07934208537312981
0.07935481336999564
0.07935584516632357
0.07935716748908143
0.07936916487008713
0.0793707977024034
0.07937184376253492
0.07938386187413266
0.07938929837393041
0.07938961809524955
0.07939854067781014
0.07940591173087114
0.07942132424462214
0.07944423555463231
0.0794460365912763
0.07944743923420426
0.07946258467689873
0.07948413189562144
0.07951068956330844
0.0795564434489544
0.079562477056095
0.07956846602132905
0.0795817523100652
0.0796077179035685
0.07962468637297074
0.07964513244120514
0.07967190068273465
0.0796724004402633
0.07970165080845307
0.07971326333688059
0.07971602780075356
0.07972363630888492
0.07972943944531248
0.07974879415028197
0.07975650404775167
0.07976905538978793
0.07978711839015645
0.0797883933939505
0.07978978190336236
0.07979227248194438
0.0798239855045811
0.07983700197848648
0.07983803403444302
0.07983908796951496
0.0798406726269338
0.07984092477246663
0.07987024613803136
0.07989790394223682
0.07989925295490226
0.07990138720291347
0.07991507566992599
0.07991553240360641
0.07995871681319042
0.07996805155321322
0.07997636697778615
0.07998032433564646
0.07998654944018951
0.07999102998891998
0.07999719161129172
0.07999736922963908
0.07999743726737
0.07999814021051826
0.07999888402393274
0.08001679367152455
0.0800257123626123
0.08002582412565577
0.08005610187399634
0.08006849847530746
0.08008545585253841
0.08009301668265753
0.08009887369026007
0.0801364304084756
0.08014148377192132
0.08017793752824523
0.08018285281456372
0.08018879201675246
0.08022017073315142
0.08022071689269575
0.08023669246531176
0.08023880045613307
0.08024822828561351
0.08026270288288972
0.08026412399488639
0.08026735505683374
0.08028105366399006
0.08028646436281221
0.0802868762869327
0.0803062077562408
0.08032845749078786
0.0803362931182527
0.08034068081460918
0.08034223261368585
0.08034598945163504
0.08034949123441108
0.08035097856989483
0.08035950195701941
0.08036061715642406
0.08036561475996566
0.08037092017526153
0.08038925763467322
0.08039212459436257
0.08040683884769623
0.08041007211059766
0.08041180340675387
0.08041984201289942
0.08042089206912094
0.08044301417964832
0.08044808897165741
0.08045495192379704
0.08047297226207185
0.08047730484139909
0.08048517579981476
0.08048595469260307
0.08048647511895082
0.08049354976566005
0.08052211923063736
0.08054309876901558
0.08058613038138665
0.08059892883991722
0.08062873267970672
0.08065954461985096
0.08066826329398413
0.08068170958417711
0.08069908285087478
0.08072028223870534
0.0807272606865627
0.08073537343399935
0.08074200369045578
0.08074339888575517
0.08079163685252971
0.0807968501580365
0.08079905841769877
0.08080083531084678
0.08080224744895785
0.0808041430484993
0.08080994041137891
0.08081141628756362
0.08081411029111672
0.08081511922627525
0.08082267339880744
0.08082520684980697
0.08082592145909734
0.08084056007270221
0.08084906366967327
0.08085021376562995
0.08086594525614761
0.08087973967974671
0.08088409380952638
0.08088500780757998
0.0808850386581484
0.08088884905444194
0.08088890811938136
0.0808924155429364
0.08091456482108411
0.08092316387168472
0.0809254652616844
0.08092657562905552
0.08093556109762473
0.08095104084930829
0.0809541127672056
0.08097276293385759
0.08098697184161152
0.08098725610586394
0.08099062402106588
0.08101265089488188
0.081016697721729
0.08103052888467036
0.08103110358304857
0.0810581265321503
0.08105973802616617
0.08106470732656348
0.08108812231245899
0.08109443935623709
0.08109746930908877
0.08109943927500965
0.08110166522132095
0.08111146860316051
0.08111150475040253
0.08112543144519507
0.08113008930214094
0.08114222325930928
0.08114305528703332
0.08116506415259166
0.08116911237609765
0.0811719522649411
0.08117550623014715
0.08117990954002097
0.08118669906868492
0.08120436948313671
0.08121045239117809
0.08121122015621703
0.08121287543513209
0.08121663573239067
0.0812178476057641
0.0812204903784178
0.08123019981398558
0.08123120874266032
0.08123455360538115
0.08124097293882514
0.08124415615577664
0.08125310716227876
0.08126063546458591
0.08129382820083703
0.08129615587136603
0.08130432960273991
0.08130715135249657
0.08131211386474868
0.08131710361207807
0.08133547375598393
0.08133911835036263
0.08134040332583184
0.08134135002424497
0.08134776916591768
0.08134816602308831
0.08135173437575498
0.08135955271522902
0.08136387638263058
0.08137090867003997
0.08138067768691908
0.08139129753021296
0.08139676184153752
0.0814227809907694
0.08142889538106332
0.08142937372238335
0.08143911716731252
0.08143985334176512
0.08144074632908883
0.08144166599382585
0.08144911286234285
0.08146141347946473
0.08146212819689237
0.08146291072041209
0.08146613149725014
0.08146655132600678
0.08147550294983048
0.08148449367765276
0.08149161956707363
0.08149422820104257
0.08149554703457376
0.08149604322424844
0.08150348346980764
0.08150527343379466
0.08150955024625085
0.08151716748206746
0.08152392844821789
0.0815292297345146
0.08153676767456304
0.08153763285210656
0.08155807751302512
0.0815622623294907
0.08156316354850952
0.08156402402040801
0.08156768055735276
0.08157430666579288
0.08157569633820458
0.08158333021034257
0.08158497856133681
0.08159810304320339
0.08160050817913506
0.08160594933459933
0.08161046318027812
0.08161056633499279
0.0816292144506599
0.08163027972302532
0.081630607239903
0.08164187416140908
0.0816425157322971
0.08165470672319684
0.08166052803875837
0.08166508603567185
0.08167813323496673
0.08167854902427447
0.08167999982524232
0.08168254814873818
0.0816863578747006
0.08169143197878016
0.08169358039029577
0.08170727631783974
0.08171051239536392
0.08171523301123905
0.08171883512576726
0.08172011844632965
0.08172551573643623
0.0817257597742359
0.08173079001358678
0.08173081207979699
0.08173451578145305
0.0817458097612943
0.08175560041888066
0.08176515669342121
0.08176669462558481
0.08176691572929938
0.08176826325526575
0.08177085832954405
0.0817737833099326
0.08177436247888793
0.08177667327218315
0.08177928267379705
0.08178130802082674
0.08179191472432391
0.08179653816028618
0.08179685102813816
0.08179889826431608
0.08180021846870064
0.08180144153017271
0.08180631233848834
0.08181001473040983
0.08181363982704502
0.08181523990002727
0.08181852191282518
0.08182110787911163
0.0818246145240274
0.08182695390948876
0.08182995113817441
0.08184443514189563
0.08185945701587156
0.08186596307058884
0.08187567918945714
0.08187773058609839
0.0818858479097234
0.08189791475200003
0.08189959399634233
0.0819007706575445
0.08192186336409221
0.08192937636934713
0.08192997263246876
0.08194121746465155
0.0819456528518909
0.08196153411777933
0.08196405612628219
0.08197033576883903
0.08197324821573339
0.08198049586820742
0.0820068247788822
0.08200845920661919
0.08200988489812908
0.08201742521738213
0.08203423943159388
0.08204410685854176
0.08204420495361538
0.08204682435510761
0.0820836389286174
0.08208553942623967
0.08211037864436312
0.0821328629189315
0.08214656563674387
0.08218059160961012
0.08354275627961291
0.08375844268280921
0.08390149724474795
0.0845176604168092
0.0845494927250405
0.08542432346648701
0.085977348706955
0.08617020803488536
0.08652084470431129
0.08685704608156614
0.0871295822766007
0.08744960280514016
0.08770722328193895
0.08820520939792022
0.0890337647302873
0.08956711857116116
0.09190330902097121
0.09373352979818637
0.09391800314636065
0.09399147734172049
0.0943197811672946
0.09473713526249086
0.09506777008361808
0.09533268689155554
0.09565927060872072
0.0966616128243457
0.09734339725325634
0.09750015307163366
0.09751865846574145
0.09779758061989198
0.09906162037237937
0.09918181367549807
0.09932919519475647
0.09938497318602203
0.10093344232825059
0.10112153446276126
0.10114147216744489
0.10123327018260292
0.1017803095248691
0.10313453675003963
0.10431407001498111
0.10445930846404264
0.10463263029845443
0.10485277405769985
0.10599636658756201
0.10662595438921851
0.1075612556816671
0.10854431600140049
0.10912103762027552
0.10948657714241797
0.10954832510520003
0.10968885794787407
0.10984401035889234
0.11238714130146082
0.11245133573916988
0.11342361471463756
0.11648073937330412
0.11729120963842873
0.11833387574749878
0.11985941338504864
0.12010437182762064
0.12168373075814946

